[{'text': ('job_id', '')}, {'text': ('dur', 'mean')}, {'text': ('dur', 'min')}, {'text': ('dur', 'max')}, {'text': ('dur', 'count')}], 'rows': array([[2.56248000e+05, 4.72046318e-03, 0.00000000e+00, 1.11300000e-02,	
        1.10410000e+04],	
       [2.56249000e+05, 4.92426639e-03, 0.00000000e+00, 3.51200000e-02,	
        1.62580000e+04],	
       [2.56250000e+05, 1.48565980e+02, 8.52000000e-04, 3.40848115e+02,	
        2.01400000e+03],	
       [2.56251000e+05, 1.41457287e+02, 5.00000000e-06, 4.59452454e+02,	
        1.61700000e+03],	
       [2.56252000e+05, 2.15156870e-03, 0.00000000e+00, 9.15400000e-03,	
        6.17900000e+03],	
       [2.56253000e+05, 5.20584568e-03, 0.00000000e+00, 2.51150000e-02,	
        1.11650000e+04],	
       [2.56254000e+05, 4.65512384e-03, 0.00000000e+00, 1.14350000e-02,	
        1.11030000e+04],	
       [2.56255000e+05, 1.49547391e+02, 5.00000000e-06, 3.35322489e+02,	
        2.14100000e+03],	
       [2.56257000e+05, 1.45824435e+02, 9.80000000e-04, 3.56861119e+02,	
        2.00300000e+03],	
       [2.56258000e+05, 1.03002334e+02, 5.00000000e-06, 3.65237345e+02,	
        2.33400000e+03],	
       [2.56259000e+05, 1.58704285e+02, 2.10000000e-05, 3.62636470e+02,	
        1.48500000e+03],	
       [2.56260000e+05, 1.84310413e+02, 1.30000000e-04, 8.87944525e+02,	
        2.01900000e+03],	
       [2.56261000e+05, 1.17829229e+02, 7.76000000e-04, 4.64294004e+02,	
        1.73700000e+03],	
       [2.56262000e+05, 9.66247248e+01, 5.00000000e-06, 4.69514634e+02,	
        1.52500000e+03],	
       [2.56263000e+05, 1.57712286e+02, 5.00000000e-06, 4.77703967e+02,	
        1.65700000e+03],	
       [2.56264000e+05, 1.26614862e+02, 5.64700000e-03, 5.70579168e+02,	
        1.59800000e+03],	
       [2.56265000e+05, 1.00396767e+02, 3.04601700e+00, 4.10873373e+02,	
        1.47100000e+03],	
       [2.56266000e+05, 8.27146406e+01, 4.00000000e-06, 5.77173913e+02,	
        1.23600000e+03],	
       [2.56267000e+05, 1.69052520e+02, 1.30000000e-04, 5.56794470e+02,	
        1.93200000e+03],	
       [2.56268000e+05, 9.64174752e+01, 4.99100000e-03, 5.72711051e+02,	
        1.49800000e+03],	
       [2.56269000e+05, 1.64445994e+02, 1.84418900e+00, 5.60209887e+02,	
        2.05000000e+03],	
       [2.56270000e+05, 1.38177950e+02, 3.72819500e+00, 1.22343857e+03,	
        1.71800000e+03],	
       [2.56273000e+05, 2.11749293e+02, 3.59520800e+00, 1.12102211e+03,	
        1.96000000e+03],	
       [2.56276000e+05, 1.49649651e+02, 4.00000000e-06, 1.02940421e+03,	
        1.81900000e+03],	
       [2.56277000e+05, 2.01825804e+02, 6.17500000e-03, 9.76721987e+02,	
        1.90300000e+03],	
       [2.56281000e+05, 4.49933174e+00, 5.00000000e-06, 6.97649400e+00,	
        1.99827000e+05],	
       [2.56282000e+05, 4.13670447e+00, 4.00000000e-06, 5.94194400e+00,	
        1.98735000e+05],	
       [2.56283000e+05, 4.58410624e+00, 4.00000000e-06, 7.46412000e+00,	
        1.78901000e+05],	
       [2.56284000e+05, 3.92549606e+00, 4.00000000e-06, 6.23556000e+00,	
        1.98951000e+05],	
       [2.56285000e+05, 4.54634909e+00, 5.00000000e-06, 7.11008000e+00,	
        2.03049000e+05],	
       [2.56286000e+05, 4.06932815e+00, 4.00000000e-06, 4.45784400e+00,	
        8.15870000e+04],	
       [2.56287000e+05, 3.91335856e+00, 4.00000000e-06, 4.33711300e+00,	
        8.14350000e+04],	
       [2.56288000e+05, 3.36375812e+00, 4.00000000e-06, 3.96516000e+00,	
        8.79790000e+04],	
       [2.56289000e+05, 2.09884276e+00, 5.00000000e-06, 2.66357200e+00,	
        4.91490000e+04],	
       [2.56290000e+05, 2.34588554e+00, 4.00000000e-06, 2.93118000e+00,	
        4.97250000e+04],	
       [2.56291000e+05, 2.70064219e+01, 4.00000000e-06, 5.48191760e+01,	
        4.93291900e+06],	
       [2.56292000e+05, 3.02411676e+01, 4.00000000e-06, 5.41968350e+01,	
        4.00495400e+06],	
       [2.56293000e+05, 3.70568378e+01, 4.00000000e-06, 6.34730130e+01,	
        4.47155600e+06],	
       [2.56294000e+05, 3.15686908e+01, 4.00000000e-06, 5.91419220e+01,	
        4.73278500e+06],	
       [2.56295000e+05, 3.29747118e+01, 4.00000000e-06, 6.32858950e+01,	
        4.16647500e+06],	
       [2.56296000e+05, 1.33319947e+02, 4.00000000e-06, 2.71193272e+02,	
        3.44722300e+06],	
       [2.56297000e+05, 1.76176258e+02, 4.00000000e-06, 3.36698994e+02,	
        4.71044900e+06],	
       [2.56298000e+05, 1.53609096e+02, 5.00000000e-06, 2.95736322e+02,	
        6.05076600e+06],	
       [2.56299000e+05, 1.04646336e+02, 4.00000000e-06, 2.05556551e+02,	
        3.39125200e+06],	
       [2.56300000e+05, 1.64418977e+02, 4.00000000e-06, 3.24250984e+02,	
        4.54612400e+06]])}	
